Number facilities,3
Number products,2
Facility,total capacity
0,7404.54224048
1,7336.79396099
2,7536.79396099
Product,Leftover cost,price
0,31.99357758,143.898
1,18.47598258,164.172
Facility,product,man cost,num prod levels 
0,0,54.6058482104,2
0,1,38.6499527307,2
1,0,72.7449807687,2
1,1,66.5159465192,2
2,0,82.4253781536,2
2,1,79.4115872312,2
Facility,product,num prod levels,prod level,lower bound,upper bound
0,0,2,0,0.0,2819.89619625
0,0,2,1,2819.89619625,375986.1595
0,1,2,0,0.0,9247.12563
0,1,2,1,9247.12563,1232950.084
1,0,2,0,0.0,2819.89619625
1,0,2,1,2819.89619625,375986.1595
1,1,2,0,0.0,9247.12563
1,1,2,1,9247.12563,1232950.084
2,0,2,0,0.0,2819.89619625
2,0,2,1,2819.89619625,375986.1595
2,1,2,0,0.0,9247.12563
2,1,2,1,9247.12563,1232950.084
Scenario,Probability,Product 0 demand,Product 1 demand
0,0.25,5066.51963867,8268.39494176
1,0.25,2888.24804496,16387.5426885
2,0.25,2195.40958086,16720.3283625
3,0.25,6447.77762153,10648.6931592
Distribution,Product, Facility 0 level, Facility 1 level, Facility 2 level,# scenarios
D0,0,0,0,0,2
D1,0,0,0,1,2
D2,0,0,1,0,2
D3,0,0,1,1,2
D4,0,1,0,0,2
D5,0,1,0,1,2
D6,0,1,1,0,2
D7,0,1,1,1,2
D8,1,0,0,0,2
D9,1,0,0,1,2
D10,1,0,1,0,2
D11,1,0,1,1,2
D12,1,1,0,0,2
D13,1,1,0,1,2
D14,1,1,1,0,2
D15,1,1,1,1,2
Distribution,Product,Scenario,Probability, Yield facility 0, Yield facility 1, Yield facility 2
D0,0,0,0.5,0.25,0.517613201568,0.953474888074
D0,0,1,0.5,0.468539029028,0.604775595602,0.940636537009
D1,0,0,0.5,0.565381167608,0.697872145232,0.898536469699
D1,0,1,0.5,0.59619540072,0.639810941319,0.886046252099
D2,0,0,0.5,0.25,0.706231570373,0.928688182856
D2,0,1,0.5,0.645570983535,0.523036678122,0.938231219563
D3,0,0,0.5,0.43223470629,0.652881359231,0.891648402585
D3,0,1,0.5,0.25,0.495786391663,0.897493739324
D4,0,0,0.5,0.473467419802,0.627149435585,0.882102172737
D4,0,1,0.5,0.711128615967,0.887640449645,0.855211523283
D5,0,0,0.5,0.492997530942,0.772781424872,0.901613590964
D5,0,1,0.5,0.699060378573,0.502812865735,0.890541077203
D6,0,0,0.5,0.435763687146,0.771275746796,0.878787008038
D6,0,1,0.5,0.374966043195,0.596924184618,0.926242666091
D7,0,0,0.5,0.424603937417,0.674700399626,0.914222447075
D7,0,1,0.5,0.504154913703,0.496984226121,0.90613031377
D8,1,0,0.5,0.426872951536,0.654389599774,0.909786576334
D8,1,1,0.5,0.485544166345,0.720424972877,0.903436982112
D9,1,0,0.5,0.795446268866,0.420227331893,0.913463619946
D9,1,1,0.5,0.714335335956,0.810833197302,0.899428508773
D10,1,0,0.5,0.379276773096,0.677625707031,0.94363373989
D10,1,1,0.5,0.699067366259,0.727753802502,0.935621223424
D11,1,0,0.5,0.489284119112,0.684990901221,0.90113530745
D11,1,1,0.5,0.325700169562,0.500049583924,0.909171955389
D12,1,0,0.5,0.421488733229,0.703167115458,0.924636106216
D12,1,1,0.5,0.611248972564,0.639946697766,0.911465762901
D13,1,0,0.5,0.346826697772,0.621280825979,0.906443513744
D13,1,1,0.5,0.403386396214,0.951343711499,0.896452755971
D14,1,0,0.5,0.412290821751,0.640161639799,0.924312699854
D14,1,1,0.5,0.523690987851,0.66701430268,0.921148265356
D15,1,0,0.5,0.564150295127,0.78723434097,0.892117961847
D15,1,1,0.5,0.599886360392,0.613310782862,0.899422838763
