Number facilities,3
Number products,2
Facility,total capacity
0,8253.50239286
1,8395.12159495
2,8495.12159495
Product,Leftover cost,price
0,31.99357758,143.898
1,18.47598258,164.172
Facility,product,man cost,num prod levels 
0,0,37.5547509422,2
0,1,43.0532509419,2
1,0,66.5230394785,2
1,1,68.680383944,2
2,0,86.8179604326,2
2,1,82.27019377,2
Facility,product,num prod levels,prod level,lower bound,upper bound
0,0,2,0,0.0,2819.89619625
0,0,2,1,2819.89619625,375986.1595
0,1,2,0,0.0,9247.12563
0,1,2,1,9247.12563,1232950.084
1,0,2,0,0.0,2819.89619625
1,0,2,1,2819.89619625,375986.1595
1,1,2,0,0.0,9247.12563
1,1,2,1,9247.12563,1232950.084
2,0,2,0,0.0,2819.89619625
2,0,2,1,2819.89619625,375986.1595
2,1,2,0,0.0,9247.12563
2,1,2,1,9247.12563,1232950.084
Scenario,Probability,Product 0 demand,Product 1 demand
0,0.5,4074.71576726,11659.2456212
1,0.5,4467.23780698,10200.4539588
Distribution,Product, Facility 0 level, Facility 1 level, Facility 2 level,# scenarios
D0,0,0,0,0,2
D1,0,0,0,1,2
D2,0,0,1,0,2
D3,0,0,1,1,2
D4,0,1,0,0,2
D5,0,1,0,1,2
D6,0,1,1,0,2
D7,0,1,1,1,2
D8,1,0,0,0,2
D9,1,0,0,1,2
D10,1,0,1,0,2
D11,1,0,1,1,2
D12,1,1,0,0,2
D13,1,1,0,1,2
D14,1,1,1,0,2
D15,1,1,1,1,2
Distribution,Product,Scenario,Probability, Yield facility 0, Yield facility 1, Yield facility 2
D0,0,0,0.5,0.560988858314,0.60755143235,0.878209580756
D0,0,1,0.5,0.4396140066,0.606188337814,0.86997845282
D1,0,0,0.5,0.505873324217,0.704310569463,0.897658320593
D1,0,1,0.5,0.529233088947,0.759013863188,0.902568479619
D2,0,0,0.5,0.483782426514,0.681472345786,0.869299209436
D2,0,1,0.5,0.696103481345,0.770870858501,0.935178249542
D3,0,0,0.5,0.560537058268,0.614302521096,0.895833260963
D3,0,1,0.5,0.510629694389,0.631075784532,0.896855948893
D4,0,0,0.5,0.71176172087,0.898538960604,0.859429602245
D4,0,1,0.5,0.570121280675,0.583921546892,0.916909393502
D5,0,0,0.5,0.608540580205,0.384224071338,0.887625297361
D5,0,1,0.5,0.500946989655,0.517395067899,0.909130328671
D6,0,0,0.5,0.585301336937,0.778181552607,0.875598964548
D6,0,1,0.5,0.41801021406,0.76661403207,0.843944796472
D7,0,0,0.5,0.336967022972,0.632131477907,0.89854390812
D7,0,1,0.5,0.485039146233,0.668176651651,0.897309697044
D8,1,0,0.5,0.459393520511,0.771459754086,0.88507535049
D8,1,1,0.5,0.375200251683,0.791223945279,0.918472961023
D9,1,0,0.5,0.867266993077,0.811745498943,0.894796475012
D9,1,1,0.5,0.726865862837,0.577986285618,0.893306171701
D10,1,0,0.5,0.508046221411,0.64647138049,0.905847956904
D10,1,1,0.5,0.332475365374,0.455415143788,0.884703529794
D11,1,0,0.5,0.563378948387,0.758565300262,0.89292989065
D11,1,1,0.5,0.363833137715,0.754915814182,0.913860319337
D12,1,0,0.5,0.416800367122,0.857714958328,0.914232852715
D12,1,1,0.5,0.572327345948,0.773962491814,0.892120685884
D13,1,0,0.5,0.57768365582,0.639467388637,0.91810546417
D13,1,1,0.5,0.49411830277,0.867611752309,0.906781183494
D14,1,0,0.5,0.481877194413,0.764544791783,0.89343985868
D14,1,1,0.5,0.554738103496,0.81664105177,0.904385459518
D15,1,0,0.5,0.521738291706,0.507505577414,0.90547413331
D15,1,1,0.5,0.590410717211,0.566109887914,0.88590706925
