Number facilities,3
Number products,2
Facility,total capacity
0,7448.79245293
1,8253.19782981
2,7253.19782981
Product,Leftover cost,price
0,31.99357758,143.898
1,18.47598258,164.172
Facility,product,man cost,num prod levels 
0,0,38.4959374666,2
0,1,36.3643817419,2
1,0,69.1551379211,2
1,1,76.4733329914,2
2,0,88.8354396193,2
2,1,87.6652544761,2
Facility,product,num prod levels,prod level,lower bound,upper bound
0,0,2,0,0.0,2819.89619625
0,0,2,1,2819.89619625,375986.1595
0,1,2,0,0.0,9247.12563
0,1,2,1,9247.12563,1232950.084
1,0,2,0,0.0,2819.89619625
1,0,2,1,2819.89619625,375986.1595
1,1,2,0,0.0,9247.12563
1,1,2,1,9247.12563,1232950.084
2,0,2,0,0.0,2819.89619625
2,0,2,1,2819.89619625,375986.1595
2,1,2,0,0.0,9247.12563
2,1,2,1,9247.12563,1232950.084
Scenario,Probability,Product 0 demand,Product 1 demand
0,0.2,3106.70443401,9149.06293937
1,0.2,3184.97231501,9209.47040627
2,0.2,3927.23681117,14636.4625217
3,0.2,1915.30058991,4384.7122288
4,0.2,1522.38618244,16754.5160274
Distribution,Product, Facility 0 level, Facility 1 level, Facility 2 level,# scenarios
D0,0,0,0,0,2
D1,0,0,0,1,2
D2,0,0,1,0,2
D3,0,0,1,1,2
D4,0,1,0,0,2
D5,0,1,0,1,2
D6,0,1,1,0,2
D7,0,1,1,1,2
D8,1,0,0,0,2
D9,1,0,0,1,2
D10,1,0,1,0,2
D11,1,0,1,1,2
D12,1,1,0,0,2
D13,1,1,0,1,2
D14,1,1,1,0,2
D15,1,1,1,1,2
Distribution,Product,Scenario,Probability, Yield facility 0, Yield facility 1, Yield facility 2
D0,0,0,0.5,0.593126912063,0.692654493455,0.905570759096
D0,0,1,0.5,0.586403851025,0.735963955436,0.927744164833
D1,0,0,0.5,0.643167587782,0.742471666052,0.894365468172
D1,0,1,0.5,0.406479879735,0.797451711547,0.915599299523
D2,0,0,0.5,0.493548074722,0.729222382153,0.88724980623
D2,0,1,0.5,0.798977394551,0.750756199285,0.886419463751
D3,0,0,0.5,0.570278316238,0.738827002201,0.908966381629
D3,0,1,0.5,0.521950630555,0.846878324336,0.909709116267
D4,0,0,0.5,0.34020956491,0.738097117625,0.936440402511
D4,0,1,0.5,0.518376608795,0.579898618869,0.876641274042
D5,0,0,0.5,0.502578437837,0.567755578371,0.896774375772
D5,0,1,0.5,0.762492022482,0.692882983406,0.902133087498
D6,0,0,0.5,0.688660081069,0.719265052355,0.882865435411
D6,0,1,0.5,0.37158969082,0.683115549229,0.891187823533
D7,0,0,0.5,0.443818294038,0.680290477374,0.911943129671
D7,0,1,0.5,0.519624150047,0.847155651454,0.911780989084
D8,1,0,0.5,0.49424764676,0.632133565979,0.904653215016
D8,1,1,0.5,0.441168445715,0.92382914465,0.910189988307
D9,1,0,0.5,0.566383098103,0.638257783172,0.905175883293
D9,1,1,0.5,0.582376269196,0.433746329695,0.892764880755
D10,1,0,0.5,0.371696216365,0.691154326378,0.919174728517
D10,1,1,0.5,0.45314113457,0.838348814433,0.861533304562
D11,1,0,0.5,0.494745324084,0.798481646979,0.895351869627
D11,1,1,0.5,0.588038834346,0.753645662648,0.87692918792
D12,1,0,0.5,0.623283659141,0.808014442029,0.90774050272
D12,1,1,0.5,0.458365888897,0.732154489381,0.923204574743
D13,1,0,0.5,0.456281328504,0.896452142747,0.899068528706
D13,1,1,0.5,0.76502763769,0.814088539988,0.89969720347
D14,1,0,0.5,0.467767801365,0.62645185602,0.92587812768
D14,1,1,0.5,0.518106390709,0.733497760566,0.892903368396
D15,1,0,0.5,0.720087608072,0.416769048205,0.891326934235
D15,1,1,0.5,0.441872306738,0.692161730652,0.899968228481
