Number facilities,3
Number products,2
Facility,total capacity
0,7612.01376264
1,7375.80028402
2,7575.80028402
Product,Leftover cost,price
0,31.99357758,143.898
1,18.47598258,164.172
Facility,product,man cost,num prod levels 
0,0,40.9228255156,2
0,1,37.2257219933,2
1,0,66.6867941434,2
1,1,78.5626685462,2
2,0,79.8926256362,2
2,1,86.838085151,2
Facility,product,num prod levels,prod level,lower bound,upper bound
0,0,2,0,0.0,2819.89619625
0,0,2,1,2819.89619625,375986.1595
0,1,2,0,0.0,9247.12563
0,1,2,1,9247.12563,1232950.084
1,0,2,0,0.0,2819.89619625
1,0,2,1,2819.89619625,375986.1595
1,1,2,0,0.0,9247.12563
1,1,2,1,9247.12563,1232950.084
2,0,2,0,0.0,2819.89619625
2,0,2,1,2819.89619625,375986.1595
2,1,2,0,0.0,9247.12563
2,1,2,1,9247.12563,1232950.084
Scenario,Probability,Product 0 demand,Product 1 demand
0,0.333333333333,5914.44649922,6885.67693634
1,0.333333333333,850.886272311,8947.1293768
2,0.333333333333,3655.1074972,9404.37330597
Distribution,Product, Facility 0 level, Facility 1 level, Facility 2 level,# scenarios
D0,0,0,0,0,2
D1,0,0,0,1,2
D2,0,0,1,0,2
D3,0,0,1,1,2
D4,0,1,0,0,2
D5,0,1,0,1,2
D6,0,1,1,0,2
D7,0,1,1,1,2
D8,1,0,0,0,2
D9,1,0,0,1,2
D10,1,0,1,0,2
D11,1,0,1,1,2
D12,1,1,0,0,2
D13,1,1,0,1,2
D14,1,1,1,0,2
D15,1,1,1,1,2
Distribution,Product,Scenario,Probability, Yield facility 0, Yield facility 1, Yield facility 2
D0,0,0,0.5,0.335188643047,0.711722467382,0.868974019242
D0,0,1,0.5,0.862312350321,0.845687375993,0.899527193807
D1,0,0,0.5,0.417025964078,0.648282647219,0.926774377266
D1,0,1,0.5,0.471956452626,0.695718886582,0.904198170957
D2,0,0,0.5,0.667926217398,0.930180627437,0.965144642428
D2,0,1,0.5,0.629262138891,0.694865751585,0.926961523666
D3,0,0,0.5,0.431731158274,0.892692130847,0.908706483655
D3,0,1,0.5,0.642963237146,0.665144648066,0.895228595482
D4,0,0,0.5,0.639531646919,0.730373312562,0.9285385591
D4,0,1,0.5,0.57288560747,0.713834391489,0.90984596398
D5,0,0,0.5,0.35713551744,0.851581063541,0.905966362048
D5,0,1,0.5,0.562073182292,0.403722320165,0.886645763956
D6,0,0,0.5,0.329541200122,0.657188527444,0.911381638081
D6,0,1,0.5,0.527942103488,0.653932735919,0.896011863018
D7,0,0,0.5,0.566264554277,0.910502167317,0.881447836642
D7,0,1,0.5,0.544090393637,0.647777107345,0.913566805978
D8,1,0,0.5,0.475074037842,0.482128247263,0.863331535275
D8,1,1,0.5,0.467844447358,0.772621367265,0.907940080571
D9,1,0,0.5,0.586328947073,0.80781108116,0.894130015333
D9,1,1,0.5,0.861733160025,1,0.910552484105
D10,1,0,0.5,0.342327231478,0.803360797311,0.923395475534
D10,1,1,0.5,0.499019533741,0.591066659078,0.866284429458
D11,1,0,0.5,0.508372071322,0.680935475747,0.911291605382
D11,1,1,0.5,0.433689695321,0.885031729213,0.897377841847
D12,1,0,0.5,0.358658610359,0.709801246288,0.890201175788
D12,1,1,0.5,0.546110516529,0.495261868803,0.92874592786
D13,1,0,0.5,0.57001642703,0.623366878386,0.901488174782
D13,1,1,0.5,0.405208309798,0.653109590405,0.917864959429
D14,1,0,0.5,0.442486568014,0.609798816686,0.892187005692
D14,1,1,0.5,0.427721980054,0.609408608266,0.930803297829
D15,1,0,0.5,0.64925622882,0.975345523803,0.913642404922
D15,1,1,0.5,0.411375357452,0.69031421131,0.889636034724
